101
2929 17
87204 54481 70385 21993 58328 91547 136 81535 35499 46862 43243 38703 30469 38518 44911 27023 27465
2103 17
82318 29044 61578 52599 82672 32613 6743 37862 14424 11028 19124 52840 98670 25083 10579 52305 94707
2 18
59105 81874 95109 9041 70856 29805 86566 2833 88815 70281 99122 85500 81548 11192 96619 7100 35387 16023
861 18
12061 66169 30771 80790 68776 58188 30714 41257 71082 8887 17567 1884 87155 77320 23409 50850 24596 88458
3015 20
32227 57506 61320 60802 62459 50932 12014 45619 10788 56574 45093 4840 84758 44696 34244 94206 34807 18432 59103 55366
9436 18
16117 10436 83452 72877 46967 59163 96533 38650 9161 19172 13433 21388 32535 67395 11410 77664 89190 2878
4570 17
59802 11810 88480 14057 71029 18297 55839 53756 16651 53642 21977 28449 26278 63795 58232 11891 91782
2550 19
77956 37967 58338 70802 80558 25849 98984 77291 9757 43330 4811 25915 35072 74903 66314 22333 60872 71671 58905
5929 18
877 334 96460 13998 57092 52099 56154 94809 85490 67145 96048 72799 89401 88931 2572 1451 15347 43646
369 20
3212 5709 6355 15393 79272 35058 32053 51246 72504 77410 30841 42756 26625 74289 78547 9739 92968 13634 9741 68137
4733 13
53495 47574 47422 77531 88175 86421 9902 96083 25003 96822 70198 1952 35775
6373 20
45193 80426 9687 94986 83213 69678 13313 52205 8427 92674 52049 7598 54118 69201 78442 6790 13788 31210 47406 95569
6144 19
72922 33017 93351 2429 42379 61402 85534 98640 5538 73835 34730 58025 87952 76837 53192 35911 92326 75647 6392
7020 17
49541 47260 50381 49787 46044 44705 99369 88410 4781 99471 93291 41123 20853 18862 8855 36960 46282
1237 16
72602 52381 49956 74375 78183 71061 3845 50412 47455 35104 68167 48645 68615 32230 95397 64221
8942 17
41364 31674 64529 11994 66478 20281 36088 63264 99125 56294 4473 24013 38874 6086 36410 36956 31224
2338 16
12789 40544 87519 30916 1687 60888 40728 45100 27208 99450 81215 44022 96287 67777 75286 62534
4256 20
71393 64685 18564 14682 50621 96044 27314 28656 59528 805 68175 59251 73946 51468 50931 29091 69984 77955 67670 90718
9529 18
43179 20656 24554 76740 26038 12130 2996 41969 45677 8266 66766 24122 29496 64519 49310 17725 25139 99083
4389 19
11318 39261 18111 68435 33244 79346 31091 74165 89475 99414 60294 22534 74590 54168 79175 45003 59575 86341 30200
1754 19
29405 62933 72643 11032 33239 25436 91391 97116 60978 45049 54286 9552 21428 42053 17 7377 77474 92246 66854
8158 18
29364 43882 84767 33938 88157 69555 79729 10098 16474 46620 375 31708 33416 84919 39962 63915 30349 91055
6362 15
47254 30994 63903 76049 55192 79036 37087 45872 8233 40445 61716 25797 70466 7018 91293
6033 14
98867 61493 85725 70864 34466 72495 37727 33013 44060 77516 64536 6594 66727 54186
2829 19
96141 52043 85013 56084 97725 82823 85274 91369 97508 13207 41562 8252 9546 85080 74154 60182 91436 27028 77091
1647 19
428 15391 76629 32278 3804 77604 81694 10464 87101 91660 3145 83803 39758 17575 76413 2969 54832 23553 18061
3736 19
61218 65376 33953 28944 72466 58935 56531 5459 93054 19745 74801 51572 97822 70435 14771 43138 59249 6281 72670
7595 15
56353 54100 48786 24543 44899 79599 481 49988 82648 96763 25145 10927 74058 95799 85333
2643 20
48641 19499 92984 571 88998 16944 72542 31813 60965 47714 60587 38170 55530 46099 47531 14964 70175 92516 27112 72861
8027 20
74019 50058 33808 28653 11234 11970 27758 31652 61414 76818 38730 42698 66273 47578 11158 16217 33227 57201 33448 98265
4976 17
87711 76445 13666 92092 32179 83784 37490 79906 3997 83021 61870 9236 73118 2945 3294 79198 36526
4765 17
41937 25756 6229 66924 68898 40877 15853 71951 24362 46300 85113 24363 23708 60786 10403 54555 36278
150 15
33273 16788 48953 4579 17962 81884 7834 93103 78811 96729 57972 47914 63625 16000 96450
7599 19
65522 15490 55396 15969 55343 44570 82086 25754 15740 87924 65680 94218 80113 84313 79840 6450 14510 85363 13673
7162 19
12286 1335 81540 2189 98655 20568 85050 54450 14996 76968 32720 566 12104 75023 86002 62040 47743 40369 23471
1267 20
2829 18473 82685 91226 67886 90776 62486 9453 30878 592 39525 34469 9506 53688 5885 13994 40834 66432 17825 96082
5478 19
30835 54915 46017 24697 30860 56354 74149 43878 68316 1704 92606 11330 51544 94881 14111 81888 86859 83138 48890
7436 11
97220 82794 25505 15286 87458 52041 72142 78204 74957 56562 60441
3086 16
2562 75802 1206 69652 40390 96189 99752 80123 46118 92597 6916 45731 4889 55911 67706 71539
2180 14
61022 28685 50446 57319 71412 61571 93475 11111 44314 26314 79930 8261 54913 27253
6350 20
81013 48297 93115 91017 51631 77825 80162 13595 28244 29897 95079 88930 29478 90683 22137 74719 95651 12098 85008 91967
8693 17
74548 36047 20390 61202 64123 74924 69895 21149 38325 60780 49482 21768 68741 35608 97527 86501 67336
7185 18
42054 98635 90274 76000 15697 52010 83263 28903 70053 23578 30256 41746 85687 41981 51189 3176 14789 90219
4678 15
48063 51708 42707 12483 1812 10016 82577 26810 26119 14409 49332 29704 5858 97242 25109
431 14
66348 1489 48125 37768 33568 60018 74607 9445 12489 7761 65073 28839 29750 84922
4493 19
55767 9127 966 21576 38337 62757 54738 97991 11542 18954 35565 42420 21504 68092 33398 64895 31388 4550 18211
8483 19
81033 81361 26049 76251 49378 84643 41421 78664 20365 93036 61336 90267 87806 83333 11983 65811 60238 25305 30428
3372 20
58104 83538 70519 34889 47874 51873 13142 81381 90137 17995 50955 1627 18459 77035 81346 59234 4969 36936 93244 62192
5456 18
65290 52154 71499 37659 25761 83731 57034 59519 26549 87086 36677 6079 2724 23064 8211 22032 82694 2203
7642 12
53623 50439 65564 83250 45911 59009 51285 57859 82987 79888 34994 54561
2117 15
74623 99343 66630 66685 75573 51812 69324 13801 23288 7423 20426 64947 26228 16768 77110
2361 15
49105 9570 53951 9016 78265 24056 99387 50445 64157 43639 78341 85699 27194 7034 11613
2458 18
16162 21568 29017 48316 24281 64735 47298 93986 88267 28094 78002 44793 23528 24514 53647 42765 13855 27462
9211 19
95659 85682 78020 84030 51184 99321 51143 1390 5768 49402 4542 78749 98128 22757 59839 2447 85039 41582 53659
8130 12
9518 27833 83051 36435 22591 84570 1635 57100 25187 85938 57087 34477
1142 11
56941 54623 97972 71466 28894 28631 28156 63048 88186 69884 35688
8208 14
60293 4970 95535 47527 89192 4513 72214 18566 64399 53248 87423 42598 98909 5565
2428 13
77390 83928 12633 24483 2597 82951 11203 69485 14370 92154 35473 83692 60852
7271 12
13336 40932 62716 63735 79423 24249 11494 47977 28523 1805 86785 85166
8321 13
28246 64684 28942 5112 41800 69635 87998 87129 20033 80921 93347 75848 94225
4468 12
80400 25693 37518 90523 96334 9832 44264 96125 19193 41769 54809 71345
2008 18
36114 2047 23002 14715 49431 30402 40079 71858 38619 59087 33741 10136 48887 23091 19367 90911 33010 70573
7633 14
4235 86135 68482 22303 14810 55372 93275 63037 58281 8546 92913 3852 30762 23714
1796 10
41119 1442 1215 17528 1510 28708 44846 24706 45384 63547
2204 18
100 22494 59184 5261 58758 43892 55043 9205 29880 12889 41436 57312 57300 25954 58586 70258 50179 82370
5424 14
43517 19173 23161 64329 29789 94041 73218 81383 18223 49064 86577 42200 58046 86821
1218 13
27977 91149 56163 62268 56959 45051 46997 78377 7074 26083 70810 59153 79775
7216 16
24136 33659 34423 77505 42116 93361 27195 42601 36672 38217 9720 33877 6127 8975 23149 97517
9825 16
88978 84101 10778 91004 53762 28843 69417 72658 74272 22302 2204 51662 78362 41850 56591 80134
7672 18
35623 29371 20609 10052 89362 81608 97068 13230 39697 51022 54710 72914 6065 49741 2865 8251 84902 17705
6909 19
8410 64162 42191 54474 20501 19728 40152 46549 80564 7349 83015 80654 9893 28922 11444 86247 18885 50266 70882
84 14
37438 58794 33692 71298 90543 18348 82077 37440 90842 18411 45810 90880 41018 82737
6578 10
76143 5637 79026 18760 96914 15324 23222 18702 21252 836
7206 20
55301 98366 92712 24913 70535 9799 10470 3952 4177 38030 80798 72895 88863 81385 20160 88660 29521 49390 41266 47820
5959 20
77394 46385 99849 87472 73741 72923 55488 96085 43306 77538 46878 35242 63552 32423 35526 38771 30054 80143 7456 82786
432 19
25576 34737 63010 79646 12551 47462 69222 95459 3043 5550 3134 83844 22659 61297 23556 9120 72438 29133 76160
6800 11
12400 63815 83103 41628 83089 88125 34778 62814 1443 82153 20516
691 12
40928 14374 47229 4615 62580 98393 63462 91267 74961 92213 43922 65180
6474 19
36087 35697 87526 89223 28006 8797 41712 69757 49145 41476 80600 3333 39311 43052 38755 32375 31819 60152 95287
3904 20
63956 78444 7684 40814 57431 36516 21739 52051 31216 75223 88044 17936 75790 78603 62489 44821 9341 52286 3093 60545
4918 11
12180 2929 6969 41714 4423 3139 8663 74519 59583 35309 73464
1891 14
11862 57808 61573 440 44635 15420 56835 94152 51531 88758 80708 483 16901 50857
2439 18
37296 34683 58292 22781 18655 89853 40997 60571 1393 62374 72196 40900 76233 25776 33602 50333 32517 66530
1352 10
88807 10730 53141 56787 72680 66945 10891 74571 1598 33381
6919 13
71543 910 21141 75196 66453 30857 60227 79403 82611 19046 56802 35820 91098
5514 11
72346 2548 55264 66841 98431 12511 91981 83995 9165 92950 64176
3710 14
77997 97561 64668 55705 71603 86684 38676 39019 57110 93860 40526 57493 71177 54751
6937 20
6552 44769 62072 62652 89923 20272 64550 2814 96138 90470 26012 15426 33859 85692 60107 63659 97743 80846 36164 47247
7712 16
41698 55276 90493 68977 46468 11676 19926 33950 99968 78096 58366 3731 84235 45682 22839 94213
1539 14
46661 17310 33779 75734 42991 36832 87469 79506 88340 16223 73615 40839 84840 94002
1231 10
50913 95083 46637 62763 90934 93993 69045 84602 67879 24078
6767 16
44190 42432 26393 8860 82419 52410 96093 48198 40514 38202 85726 46386 1299 27318 6143 60472
2749 15
53364 92151 55232 34872 48495 43145 71699 20081 74759 62406 71375 32398 74425 99205 89367
9109 19
10455 59799 59149 68699 17673 50051 73314 72686 31577 15604 61200 70187 18611 9122 17036 34645 31552 72750 21831
7361 18
76558 22374 16143 46670 72312 59546 86168 64171 17154 78322 81854 117 51250 62857 62980 82056 6841 76512
243 20
27509 85694 4157 3667 66764 81411 67052 8039 22596 43824 91767 48340 34016 25516 90322 28617 40821 14463 33857 19979
330 16
239 98597 47329 66343 4819 24391 5331 61998 56004 72030 6304 96557 69497 89467 19359 84079
3928 20
88388 49155 41979 27612 76960 75480 15018 36372 94388 45529 98055 20790 81414 67684 32229 30902 79929 99984 11109 1040
2024 16
60075 44860 66391 71995 78166 24549 82998 10693 79489 85091 82893 85376 7908 65696 55231 97298
766 15
90430 43871 27478 1981 87213 53126 8598 33014 73864 51401 55432 18280 5864 49908 94320
7815 19
69558 90067 35113 99502 65395 43089 6691 90719 13176 48124 47844 5927 79735 9755 21168 56576 82861 83165 29279
